level = "11111111111111111111111111111111111111111111111111
	 11111111111111111111111111111111111111111111111111
	 11111111111111111111111111111111111111111111111111
	 11111111111111111111111111111111111111111111111111
	 22222                                        22222
	 22222                                        22222
	 22222                                        22222
	 22222                                        22222














	 22222                                        22222
	 22222                                        22222
	 22222             2222 2 222222 2222 222     22222
	 2                                                2
	 2222              222222222           222222222222
	 2222                                            22
	 22                222222 2222222 2222222 222      2


	 222222        2222222222222222222222222222222222222






	 222222222           2222222222222222222222222   222
	 22                                                2
	 2222                                            222
	 2222                                              2
	 222                                             222
	 222                                               2
	 222                                             222
	 222                                               2
	 2                                               222
	 222                                               2
	 222                                             222
	 222                                               2
	 222222222222222222222222222222222222222222222222222"