
                                              2
                                           2
2       K                                2
2 G           s                          2                  
2mmmmmmmDmmmmmmmmmmmmmmmmmmmmmmmmmm      2                   
222222222222222222222222222222222222222222222222222222222222

																
                                                               2222

                 2222222222222   222222    222222222222222 2222

         2222222

  22222
                     2
                   wwww
222222222222222222222222222222222222222222222222222222222222222