
                                              2
                                           2
2                                        2
2            s                           2                  
2mmmmmmmmmmmmmmmmmmmmmmmmmmmmmmmmmm      2                   
222222222222222222222222222222222222222222222222222222222222

																
                                                               2222

                 2222222222222   222222    222222222222222 2222

         2222222

  22222
                     2
                   wwww
222222222222222222222222222222222222222222222222222222222222222