               22222222222222222222222222222222222222222222222222222222222222
   222         4                                                            2
  4                                                                         2 
             4        222222  2222222    22222222222222222222222         222
                                                                            2
         222                                                                2
222            22222222222222222222222222222222222222222222   222222222222222222222222222222222222222222222222222222222222222
2          4   24444444444444444444444444444444444444444444444444444444444444444444444444444444444444444444444444444444444442
2  222         24444444444444444444444444444444444444444444444444444444444444444444444444444444444444444444444444444444444442
          4  2224444444444444444444444444444444444444444444444444444444444444444444444444444444444444444444444444444444444442
0            2224444444444444444444444444444444444444444444444444444444444444444444444444444444444444444444444444444444444442
22222222222222222222222222222222222222222222222222222222222222222222222222222222222222222222222222222222222222222222222222222