9.31
16.67
13.09
14.07
13.81
9.88
9.95
11.20
15.47
9.16
7.85
15.24
12.08
8.54
7.92
8.26
14.01
10.55
8.58
24.64
14.42
10.33
26.35
48.26
63.16
71.85
19.17
36.24
52.52
18.55
44.38
53.10
17.50
32.61
47.81
15.30
17.77
33.27
44.69
59.42
16.58
33.09
54.98
54.98
54.98
54.98
54.98
54.98
54.98
54.98
54.98
54.98
54.98
54.98
54.98
54.98
16.02
30.54
40.91
15.60
19.44
36.40
46.03
15.25
15.25
15.35
15.41
16.20
17.94
39.43
61.20
76.18
85.78
29.99
18.71
16.10
29.93
48.83
19.32
16.15
29.59
44.69
16.32
29.88
41.36
17.66
16.55
18.83
20.45
16.14
18.37
14.72
28.93
14.27
28.41
14.38
20.68
33.08
42.70
19.02
31.01
44.39
22.69
0.00
0.00
0.00
0.00
0.00
0.00
0.00
0.00
56.69
74.58
48.29
29.46
30.20
30.20
30.20
30.20
30.20
30.20
23.93
32.49
36.88
27.41
65.79
32.50
4.60
2.72
5.68
2.87
2.75
3.30
2.75
2.63
4.89
45.09
1.23
0.60
0.64
1.85
27.56
0.59
0.57
27.39
44.28
41.66
32.34
37.28
34.29
26.23
63.21
63.69
70.59
68.92
34.07
54.33
197.90
28.10
43.73
38.07
58.70
38.12
25.49
39.17
61.36
38.48
45.01
23.63
29.35
31.56
56.03
41.46
33.87
54.69
